timestamps:
  login: 1378158536039
  logout: 1378159222891
  lastteleport: 1378159090140
ipAddress: 98.207.152.213
logoutlocation:
  world: world
  x: 290.748735361667
  y: 144.2990477588314
  z: 311.16397583958616
  yaw: -19.91156
  pitch: 73.8
lastlocation:
  world: world
  x: 161.32809864583433
  y: 125.7438590279959
  z: 218.17268444537882
  yaw: -119.85
  pitch: 24.599995
