timestamps:
  login: 1378160578583
  logout: 1378161218219
ipAddress: 98.207.152.213
lastlocation:
  world: world
  x: 261.5
  y: 78.0
  z: 274.5
  yaw: 0.0
  pitch: 0.0
logoutlocation:
  world: world
  x: 604.4274298394284
  y: 67.0
  z: 795.1712300335499
  yaw: 151.19987
  pitch: 40.649986
