timestamps:
  login: 1378058710325
  lastteleport: 1378057887700
  logout: 1378058242172
ipAddress: 98.207.152.213
lastlocation:
  world: JMDiamondFest
  x: -130.5
  y: 63.0
  z: 252.5
  yaw: 0.0
  pitch: 0.0
logoutlocation:
  world: JMDiamondFest
  x: 185.61620044616294
  y: 70.76636799395752
  z: 25.726987519357934
  yaw: -55.34964
  pitch: 25.50001
