world: world
x: -34.76678068829941
y: 84.0
z: 21.24597679157959
yaw: 166.49994
pitch: -53.3999
name: big_ship
