world: world
x: 296.57057484990713
y: 136.0
z: 317.56230608503404
yaw: 231.05338
pitch: 8.549994
name: treehouse
